29.7352330922149,
0.143907805189623,
0.125735463632736,
0.111655898987212,
0.100420264932992,
0.0912433925603347,
0.0836057272713838,
0.0771493734254573,
0.0716196009435679,
0.066830103029497,
0.0626414353139878,
0.0589471367449977,
0.0556645131307758,
0.0527283504779916,
0.0500865251332631,
0.0476968744584906,
0.0455249247495442,
0.0435422142289336,
0.0417250367962489,
0.040053488264199,
0.0385107333533603,
0.0370824360267121,
0.0357563122075849,
0.0345217752590311,
0.0333696525250734,
0.0322919568494349,
0.0312817010186524,
0.0303327460053631,
0.029439676039193,
0.0285976951297406,
0.0278025408630551,
0.0270504121981792,
0.0263379086806838,
0.0256619790208757,
0.0250198773954794,
0.0244091261523167,
0.0238274838493953,
0.0232729177589008,
0.0227435801248944,
0.0222377875901108,
0.0217540033090543,
0.0212908213468614,
0.0208469530302359,
0.0204212149712997,
0.0200125185299189,
0.0196198605168748,
0.0192423149706866,
0.0188790258661545,
0.0185292006337362,
0.0181921043864718,
0.0178670547659398,
0.0175534173311597,
0.0172506014248619,
0.0169580564604448,
0.0166752685804998,
0.0164017576442367,
0.0161370745066456,
0.0158807985569602,
0.0156325354880403,
0.0153919152717889,
0.0151585903187372,
0.0149322338025442,
0.014712538132423,
0.0144992135584781,
0.0142919868966545,
0.0140906003614974,
0.0138948104962378,
0.0137043871908629,
0.0135191127798457,
0.0133387812120943,
0.0131631972864653,
0.0129921759468778,
0.0128255416316768,
0.0126631276724366,
0.0125047757378749,
0.012350335318979,
0.012199663251823,
0.012052623274896,
0.0119090856180643,
0.0117689266205609,
0.0116320283756388,
0.0114982783997413,
0.0113675693242392,
0.0112397986079579,
0.0111148682688773,
0.0109926846335301,
0.0108731581027491,
0.010756202932534,
0.0106417370289116,
0.0105296817557562,
0.010419961754627,
0.0103125047757523,
0.0102072415193673,
0.0101041054866698,
0.0100030328397226,
0.0099039622696817,
0.00980683487277772,
0.00971159403352519,
0.0096181853146715,
0.00952655635343692,
0.00943665676362974,
